Ra = 0.611;
La = 0.119e-3;
Kphi = 25.9e-3;
J = 3.35e-6;
Kv = 4.63e-6;